+----------------------------------------------------------------------------------------------------------------------------------------------------------------------------------------------------------------------------------------------------------------+
; Legal Partition Candidates                                                                                                                                                                                                                                     ;
+-----------------------------------------------------------+-------+----------------+--------------+----------------+--------+-----------------+---------------+-----------------+-------+----------------+--------------+------------------+-------------------+
; Hierarchy                                                 ; Input ; Constant Input ; Unused Input ; Floating Input ; Output ; Constant Output ; Unused Output ; Floating Output ; Bidir ; Constant Bidir ; Unused Bidir ; Input only Bidir ; Output only Bidir ;
+-----------------------------------------------------------+-------+----------------+--------------+----------------+--------+-----------------+---------------+-----------------+-------+----------------+--------------+------------------+-------------------+
; tra_m9                                                    ; 17    ; 9              ; 0            ; 9              ; 14     ; 9               ; 9             ; 9               ; 0     ; 0              ; 0            ; 0                ; 0                 ;
; display_m0                                                ; 1048  ; 10             ; 0            ; 10             ; 50     ; 10              ; 10            ; 10              ; 0     ; 0              ; 0            ; 0                ; 0                 ;
; vga_timing_m0                                             ; 2     ; 1              ; 0            ; 1              ; 23     ; 1               ; 1             ; 1               ; 0     ; 0              ; 0            ; 0                ; 0                 ;
; video_pll_m0|altpll_component|auto_generated              ; 2     ; 0              ; 0            ; 0              ; 5      ; 0               ; 0             ; 0               ; 0     ; 0              ; 0            ; 0                ; 0                 ;
; video_pll_m0                                              ; 1     ; 0              ; 0            ; 0              ; 2      ; 0               ; 0             ; 0               ; 0     ; 0              ; 0            ; 0                ; 0                 ;
; fp_store|fp_rom_inst4|altsyncram_component|auto_generated ; 9     ; 0              ; 0            ; 0              ; 256    ; 0               ; 0             ; 0               ; 0     ; 0              ; 0            ; 0                ; 0                 ;
; fp_store|fp_rom_inst4                                     ; 9     ; 0              ; 0            ; 0              ; 256    ; 0               ; 0             ; 0               ; 0     ; 0              ; 0            ; 0                ; 0                 ;
; fp_store|fp_rom_inst3|altsyncram_component|auto_generated ; 9     ; 0              ; 0            ; 0              ; 256    ; 0               ; 0             ; 0               ; 0     ; 0              ; 0            ; 0                ; 0                 ;
; fp_store|fp_rom_inst3                                     ; 9     ; 0              ; 0            ; 0              ; 256    ; 0               ; 0             ; 0               ; 0     ; 0              ; 0            ; 0                ; 0                 ;
; fp_store|fp_rom_inst2|altsyncram_component|auto_generated ; 9     ; 0              ; 0            ; 0              ; 256    ; 0               ; 0             ; 0               ; 0     ; 0              ; 0            ; 0                ; 0                 ;
; fp_store|fp_rom_inst2                                     ; 9     ; 0              ; 0            ; 0              ; 256    ; 0               ; 0             ; 0               ; 0     ; 0              ; 0            ; 0                ; 0                 ;
; fp_store                                                  ; 26    ; 256            ; 0            ; 256            ; 1024   ; 256             ; 256           ; 256             ; 0     ; 0              ; 0            ; 0                ; 0                 ;
; key_m0                                                    ; 3     ; 0              ; 0            ; 0              ; 2      ; 0               ; 0             ; 0               ; 0     ; 0              ; 0            ; 0                ; 0                 ;
+-----------------------------------------------------------+-------+----------------+--------------+----------------+--------+-----------------+---------------+-----------------+-------+----------------+--------------+------------------+-------------------+
